K:
502.2673465011435 0.0 400.5
0.0 502.2673465011435 400.5
0.0 0.0 1.0
distortion:
0 0 0 0 0